# Image list with two lines of data per image:
#   IMAGE_ID, QW, QX, QY, QZ, TX, TY, TZ, CAMERA_ID, NAME
#   POINTS2D[] as (X, Y, POINT3D_ID)
1 -0.5 0.5 0.5 0.5 0.0 0.0 0.0 1 img_0001.jpg

2 -0.13527700939140186 0.1231565361149557 0.6997780583386933 0.6905383895266161 0.01749841472426838 0.2145033809106033 -0.053621951276531785 1 img_0002.jpg

3 -0.46664661106258126 0.49125318846734906 0.5207442613283937 0.5193617809369662 0.04352151669606205 1.0310149328324352 -0.12728529109271472 1 img_0003.jpg

4 -0.3263245867645428 0.3378731351632067 0.62655152099467 0.6219221817455955 0.0730462410237877 1.859784338316688 -0.10321562885080564 1 img_0004.jpg

5 -0.47442359687397756 0.4683697742652078 0.533846512485003 0.5201537334207218 -0.07616357750208924 2.2248485565250307 -0.10187738828692079 1 img_0005.jpg

6 0.503699190989038 -0.5113606891683505 -0.4979154090316417 -0.48670074585838813 -0.06849620359045148 2.538936329966319 -0.05460874655965019 1 img_0006.jpg

7 -0.45900710432016334 0.7124955788991264 0.4193130482510774 0.32532921141392623 0.14931537864608885 3.0013852922372384 -0.7311814177180757 1 img_0007.jpg

8 0.5913015903137085 -0.7227073941170283 -0.3452270349001383 -0.0942058711286719 -1.2320201351739948 4.3769680584518 1.3670593885685738 1 img_0008.jpg

9 0.6654202483276574 -0.4955153897437273 -0.4513961353210682 -0.32851471909167856 -3.379684149839208 2.953166194685461 5.123368364997212 1 img_0009.jpg

10 0.6988585402342278 -0.513627435816862 -0.31410248910022126 -0.38616476309850567 -1.3784310279790892 2.335509999056906 7.902186243669041 1 img_0010.jpg

11 0.7073418472726283 -0.5516841039460371 -0.3001238298644829 -0.3244038336667415 0.12481215379260839 2.857592880075597 8.63842377400728 1 img_0011.jpg

12 0.6630908674545082 -0.5397977544325817 -0.3996947047898365 -0.3304134209909392 -0.5169307272325997 3.8795896240521333 8.51440850275573 1 img_0012.jpg

13 0.5881890785064867 -0.5790347360218349 -0.3394888408735429 -0.45110942057127584 1.3632783079863036 3.759065424367701 8.75903331265613 1 img_0013.jpg

14 0.6378468928941584 -0.5322036073627354 -0.4292275384177468 -0.3545058275955433 1.1993578177566668 4.564021731405618 8.6582262237567 1 img_0014.jpg

15 0.5811292110404049 -0.5408485124847566 -0.4521204545847801 -0.40664335868748 1.7556633388156009 4.9890087528020155 8.523368303472365 1 img_0015.jpg

16 0.519617608633072 -0.5823749061788941 -0.3895599957339858 -0.48895809552078084 4.083249201294954 4.124157214182018 8.718888744302761 1 img_0016.jpg

17 0.6149657354701329 -0.46636783254549974 -0.5169184291596773 -0.37028843697796343 2.3502222095859113 5.632077535809831 8.906417479955175 1 img_0017.jpg

18 0.5188607279101691 -0.5119299512684886 -0.48750914136932366 -0.48067255705741857 4.010479085469938 5.003424714906681 9.288925612633355 1 img_0018.jpg

19 -0.47424955453901396 0.5496673581145142 0.43500359271948597 0.5326584550761371 6.0512945735792565 3.803705371186131 9.49859284041666 1 img_0019.jpg

20 0.5867242397979116 -0.4175170641386232 -0.5578005771914663 -0.41266534101072117 4.1549332228884115 6.328146870006798 9.75872896637928 1 img_0020.jpg

21 -0.4685883756000278 0.46903744910122075 0.5266400770361501 0.5320517219711868 5.844422822968393 4.883672319454339 10.599724565369245 1 img_0021.jpg

22 -0.42678615850350554 0.5058427231113432 0.4822359983853831 0.5739557093072377 7.578657402373597 3.492330659807594 10.82199746808531 1 img_0022.jpg

23 0.5385771987893514 -0.3938439488392348 -0.5713710398090898 -0.4778668012892434 6.347601384265968 6.297416987929521 10.946051476055466 1 img_0023.jpg

24 -0.45509718286032536 0.40560962326430805 0.5793365896603742 0.5410512947481682 6.774306108530282 5.591285388650343 11.821276756984632 1 img_0024.jpg

25 -0.3803335003725161 0.45571747077133995 0.5323916856762086 0.6035123100244163 8.69718352708566 3.496513994570396 12.357187530504604 1 img_0025.jpg

26 -0.4698648575729144 0.37707072131903524 0.5835154084696721 0.5445681360678379 8.364830663664192 5.731495072844148 12.410293218282208 1 img_0026.jpg

27 -0.43313644188549505 0.3403531587311633 0.6137669426846599 0.5655463642532043 7.70263446399 5.961968418412963 13.487406857054511 1 img_0027.jpg

28 -0.33730345266220824 0.39778067069245404 0.5727448610628165 0.6324241005620752 9.496236684896983 3.4755669456863423 14.257726858820847 1 img_0028.jpg

29 -0.41629421979021264 0.33048111024944693 0.6082797511766487 0.5894718845254838 9.677641542245018 5.557469164527235 14.286417027698068 1 img_0029.jpg

30 -0.3894953743455653 0.28314100117031143 0.6426401075173215 0.5959347439357827 8.58284662631761 6.2676820038085115 15.35737302432856 1 img_0030.jpg

31 -0.28568915392839006 0.34231403220835943 0.6090631968078344 0.6559305092577689 10.113182263020938 3.5758225905569487 16.209563303715882 1 img_0031.jpg

32 -0.2684675227820582 0.3712691616202608 0.5914307306490505 0.6635465994826466 11.75045445522197 2.5509318888583934 16.095529568730626 1 img_0032.jpg

33 -0.3741931668328542 0.20797729505027557 0.6690077668708498 0.6075800576925224 8.872364167650858 7.131274079384129 17.065640330082985 1 img_0033.jpg

34 -0.2479915174438765 0.2748363303566688 0.6456557982423451 0.6679025295565243 10.275425371274277 4.236423210701951 18.116740767975003 1 img_0034.jpg

35 -0.2088499939968262 0.316070688786093 0.6229583367156033 0.6844004021143906 11.901246926113167 2.531133866999246 18.185435877192848 1 img_0035.jpg

36 -0.34027747979904016 0.1429488830326163 0.6821385013676685 0.6312399848973548 9.092322937663607 7.368378059962441 18.961980327767996 1 img_0036.jpg

37 -0.2032630430517274 0.20805716961159726 0.6706906992887232 0.6823271468952165 10.098591871348173 4.594752279940524 20.138576463764224 1 img_0037.jpg

38 -0.15032146567391502 0.2573065141492882 0.6476657556456664 0.7012316904546715 11.789159410934385 2.476357231617825 20.347646001590356 1 img_0038.jpg

39 -0.29515912956044943 0.08887348581181312 0.6888605250067255 0.6560897566981471 9.425351324004216 7.3465128523645715 20.84111642654524 1 img_0039.jpg

40 -0.16188811512213697 0.13621719723231712 0.6925996319618577 0.6895961594779025 9.603075663312287 5.258303998616612 22.0549721202506 1 img_0040.jpg

41 -0.09180256101167505 0.19529476601800955 0.6718632530082744 0.7085421747608311 11.280409357496401 2.8056769429447246 22.388384134642873 1 img_0041.jpg

42 -0.21128123396871556 0.06948554525892221 0.6919190123563057 0.6868624895221762 10.109818927336795 6.374424458111667 22.64971830807385 1 img_0042.jpg

43 -0.12670230900084645 0.058346012456350176 0.7032314379437119 0.6971426055061596 8.719068215717764 5.774939174242057 23.95447014516123 1 img_0043.jpg

44 -0.02496242621899289 0.14364070905725954 0.6840997826450481 0.7146689522875519 11.037336221645281 2.5939945354746574 24.41125676100567 1 img_0044.jpg

45 -0.1603889824129711 -0.0401382538463267 0.6964246850978956 0.6983243894387454 7.962635453821272 6.87579304565962 25.25742580664823 1 img_0045.jpg

46 0.009584468263468466 0.05256141864836595 0.6989601377270309 0.7131620861391803 9.006628719796414 3.7639239809005227 26.290969657541197 1 img_0046.jpg

47 -0.06914334585608715 -0.024371696316101702 0.6949993539463022 0.7152629699325442 9.197530731643239 5.403872131955508 26.473204551827262 1 img_0047.jpg

48 0.02112564309175657 -0.04930401168707996 0.702606913356476 0.7095536251328757 6.797422845655775 5.065464577635325 27.780939046751353 1 img_0048.jpg

49 0.09871617111288321 0.027893042559728486 0.6990538374729524 0.7076728255711904 9.385046250937108 2.782876564931688 28.00135378222524 1 img_0049.jpg

50 0.007247058874948773 -0.1500570591453026 0.6867829942324806 0.7111676862536676 5.115783980781948 5.868153453444983 28.96861718072184 1 img_0050.jpg

51 0.15351652895048035 -0.04753282998595501 0.6976478063122864 0.6981839612596219 6.976881195608777 3.35367962400713 29.532464739500835 1 img_0051.jpg

52 0.01431331935039581 -0.2132057857763537 0.661585335886086 0.7187790099475333 4.627615332468458 5.6123413176090855 29.97695642514426 1 img_0052.jpg

53 0.18998801535693086 -0.1427631970458116 0.6867464893406641 0.6869515870629215 3.7879529097388223 4.272847499197881 30.681489981127495 1 img_0053.jpg

54 0.1847850752469156 -0.12430481204716995 0.6892848145680862 0.6894122381229887 6.155398032501868 3.9118190895041445 30.631999126890662 1 img_0054.jpg

55 0.1570068499987386 -0.2595797327710696 0.657353338353138 0.6898215710920893 1.2454615889318512 5.240907830931094 31.208426680736522 1 img_0055.jpg

56 0.27776127649143284 -0.16146254474182536 0.6790244489708227 0.660079023774589 3.5242392708570205 3.6453688313848853 31.59434481846228 1 img_0056.jpg

57 0.14926195556456054 -0.3305975235298277 0.6138035147332958 0.7011928346453928 0.4266603984073787 4.45117382693693 31.881521104568193 1 img_0057.jpg

58 0.3236390431077739 -0.24113460087190006 0.6584872000227795 0.635221600266233 0.44157559995322415 4.440495544347907 32.01118215123364 1 img_0058.jpg

59 0.19474355211297717 -0.36719412087310016 0.5897097623812271 0.6924491480671544 -0.31295322699470335 3.9935291674386004 32.19363340779896 1 img_0059.jpg

60 0.365420970587713 -0.31947009510148877 0.6248859222257425 0.6114932189277841 -2.765023119483958 4.707728072605765 32.0100423259884 1 img_0060.jpg

61 0.27225851562408954 -0.38079423653256933 0.5796247398490095 0.6670129017108388 -1.0063146542522665 3.665075424180418 32.31759322301672 1 img_0061.jpg

62 0.40751545305471426 -0.3826742255568161 0.5884221782809116 0.5841668706142525 -5.2208222025161115 4.696239314174201 31.704554771006407 1 img_0062.jpg

63 0.3735471497512844 -0.38077297243909314 0.5826155658850625 0.6132157636273039 -2.112809060466964 3.9371748218590796 32.152738964812826 1 img_0063.jpg

64 0.4307349799257608 -0.4511330191864569 0.5429251917815879 0.5622976188789991 -7.54084495600445 4.607426540963835 31.031244741325885 1 img_0064.jpg

65 0.4822984446793448 -0.3717557205490178 0.5932883085773824 0.5264929984381125 -3.3399299103489373 5.075406164218293 31.549493016591256 1 img_0065.jpg

66 0.4481302306381227 -0.509105361627832 0.48842381910467275 0.549029325338113 -9.223600920751595 3.7988235969898945 30.320450806261398 1 img_0066.jpg

67 0.5292615508078576 -0.4335442118670294 0.5487223732368148 0.48044290431061154 -6.4531891463603905 5.465099758925496 30.477167805869833 1 img_0067.jpg

68 0.4312312041995105 -0.5546363342931581 0.4225205492949865 0.5726207913007975 -8.964769667406483 1.8435519376883902 30.112742124300595 1 img_0068.jpg

69 0.5673642376829336 -0.4996170343881238 0.4894276800453132 0.4346736554625117 -9.858064229310507 5.6103442709341325 28.832430138443087 1 img_0069.jpg

70 -0.4638173685759431 0.5721659943322737 -0.3924988038102688 -0.5508577062586638 -8.830009008922174 1.6558417102784795 29.368697805490473 1 img_0070.jpg

71 0.5894545120040988 -0.5604060331546933 0.42391799252021306 0.3984745812463614 -12.390315042826625 5.322391699309688 26.960148214623683 1 img_0071.jpg

72 0.5579861724351267 -0.5564047048139282 0.41732626888149243 0.4526632535711007 -9.18833950371715 3.743688804738065 28.10010654190722 1 img_0072.jpg

73 0.5896451371624665 -0.6132932851698356 0.3460360267699422 0.3955363785589371 -13.832989860683757 3.735704138339187 25.573642115865315 1 img_0073.jpg

74 0.6404052490528512 -0.554934586844968 0.4235966036315981 0.3201478388190915 -10.482212340779979 6.408222190813475 25.96351691729665 1 img_0074.jpg

75 0.5776661370655045 -0.6421886094968181 0.2772177157190743 0.4207682996755573 -12.993700503837376 1.6733910912638785 25.08582936919291 1 img_0075.jpg

76 0.6674693330416175 -0.6006194746803201 0.35110671244779756 0.2654524676054342 -12.704024674515782 6.207657580320606 23.620407316868885 1 img_0076.jpg

77 0.6010421619343241 -0.6597738527830701 0.21382531584745718 0.39714671982005917 -13.113899560167782 0.6611534399654795 23.63908519485085 1 img_0077.jpg

78 0.6854596243117792 -0.6336887065635483 0.2897643280953196 0.21123532085245492 -13.553151951656309 6.1796946952158445 21.450946136574448 1 img_0078.jpg

79 0.6444795879937145 -0.654092014127864 0.23529399274185728 0.318506569309333 -11.85415778337793 2.915457469914586 22.523926964988362 1 img_0079.jpg

80 0.6677720216154693 -0.6868369102570688 0.1680121839404797 0.2326101715395584 -15.423159885266895 3.551176556784775 19.34051904984041 1 img_0080.jpg

81 0.696578650542166 -0.6499770799637301 0.2628768354039267 0.15232776680137705 -11.911495146031372 6.7603024301268055 19.89916560459044 1 img_0081.jpg

82 0.666401928250264 -0.695874085136216 0.09527895312104394 0.2501792332555255 -14.458806560033992 1.6206811443293225 18.55390145995238 1 img_0082.jpg

83 0.7084808269586227 -0.6752688283529585 0.1847010399753833 0.0891765278470788 -12.844551870748914 6.531842339312126 17.296213381635322 1 img_0083.jpg

84 0.6765779328246857 -0.6948485369129214 0.03297297561756357 0.2415379772283675 -13.332257353264477 0.6271948265203665 17.419804344057265 1 img_0084.jpg

85 0.7118986381131374 -0.6941645017544114 0.09906909818885783 0.039003683681885934 -13.31864080653995 5.924207346457126 14.900831599926041 1 img_0085.jpg

86 0.6996617269021822 -0.6925469290960599 0.016582491369148297 0.1748634892934072 -12.026467387733625 1.7955770063774334 16.04890577497523 1 img_0086.jpg

87 0.7105186582911115 -0.7035304656759356 0.012490224195960468 0.007219029403909237 -13.089348598157569 4.977222527235529 13.02531675483727 1 img_0087.jpg

88 0.7103530865161968 -0.6966890570124156 0.0973442224675121 -0.023387019225619792 -9.500556219503112 6.564691558305429 14.090657215394303 1 img_0088.jpg

89 0.7018858510183013 -0.6951072829850827 -0.11939929571021525 0.09962893889485953 -12.560428395837379 1.199435817674246 12.631064338409992 1 img_0089.jpg

90 0.706151604831052 -0.7026326397313843 -0.007009092025581048 -0.0872247511180928 -10.297090309125124 6.032376376657886 11.62041743794015 1 img_0090.jpg

91 0.716489563417315 -0.6809426719502301 -0.13954643288585034 0.059047236177331985 -10.503332699384464 1.7542889604913232 11.941485541492915 1 img_0091.jpg

92 0.6997653082583802 -0.6961456988431023 -0.10108551835627859 -0.12446444198623632 -9.925602608104064 5.2052253613452075 9.949455526054575 1 img_0092.jpg

93 0.70163585989604 -0.7000369503940566 -0.054166762097970875 -0.12133157080807776 -7.41532591676137 5.561803586579637 10.753341695798007 1 img_0093.jpg

94 0.6985372622685652 -0.6776224692692335 -0.1998023004357381 -0.11380915211173372 -9.150088295282474 3.8847309199274376 9.115053756520473 1 img_0094.jpg

95 0.6785344603391184 -0.6939735426315987 -0.10178116973074348 -0.21824825714743232 -5.994899801969139 5.903185387926839 9.272249750335241 1 img_0095.jpg

96 0.710212052316039 -0.6436110739524799 -0.27226160518613124 -0.08507199640449696 -7.536948671659667 2.847538383370162 8.983263066036107 1 img_0096.jpg

97 0.6645173176953345 -0.6708631317580683 -0.19974785413261748 -0.2616489780224055 -5.467787963675088 5.296851739443546 8.2130786197527 1 img_0097.jpg

98 0.6994031684802554 -0.6457572762837016 -0.26071749135212724 -0.16080776644642603 -4.89170858992155 4.019412538049883 8.639071040014043 1 img_0098.jpg

99 0.656046182851656 -0.6400290664117804 -0.2971781222201648 -0.2676777237416912 -4.655849189204496 4.748383842222186 7.659681738248629 1 img_0099.jpg

100 0.6293503720021009 -0.6695882733174152 -0.21325752541162593 -0.3317994595413462 -1.6639041167181028 5.276318887507178 7.93288209454324 1 img_0100.jpg

101 0.6852963280626505 -0.5836188850084899 -0.38634800908152117 -0.20122911241676733 -3.714592794275598 3.9738689021992903 7.8515854335177755 1 img_0101.jpg

102 0.6156662160666301 -0.6204529423910118 -0.3296986470077731 -0.35678012673602916 -1.7718280774558046 4.966812508508275 7.628210412984329 1 img_0102.jpg

103 0.6024571192033001 -0.6482459418656825 -0.26700699670657946 -0.3814837900693391 0.6616772670892446 4.816403515179713 7.8479265009018775 1 img_0103.jpg

104 0.6471437440771678 -0.6069235315801305 -0.2984943020227507 -0.35178111514980226 0.33153221849871284 5.609187968998557 7.712530565071386 1 img_0104.jpg

105 0.5832637365841582 -0.6650271797465096 -0.34582008668900976 -0.3129708156149632 0.08952769912327124 8.573920784087555 5.031502664247774 1 img_0105.jpg

106 0.5943617663371933 -0.6558425395111369 -0.34166808150687983 -0.3160183161836076 0.08456363141382298 8.891506079881154 4.823743229510147 1 img_0106.jpg

107 0.6661969934195361 -0.5439402821774644 -0.45705216251616543 -0.2267462372846963 -3.369734714937887 8.144260691177978 5.561769211517374 1 img_0107.jpg

108 0.5992265520628385 -0.5723604193182222 -0.4253649102163191 -0.3638623130490628 -0.870788794306681 8.871669795598239 5.582848531071637 1 img_0108.jpg

109 0.5661853814359931 -0.6171974231722059 -0.34259091821484866 -0.4255971304349631 2.596766965704538 8.570039139990898 5.872626344107587 1 img_0109.jpg

110 0.6444319815113415 -0.5321971502860477 -0.4481404196315307 -0.3172440365479726 -0.175841339798674 8.952962376438489 6.207315908322066 1 img_0110.jpg

111 0.5752814113415073 -0.5372925719764036 -0.4584076906548901 -0.41258984356422934 1.2422884098623614 9.052464561802738 6.367441368188142 1 img_0111.jpg

112 0.5302878196824766 -0.5725953805359544 -0.4030658808299777 -0.47798248314770403 4.073261310232006 8.373791319161862 6.714035299531852 1 img_0112.jpg

113 0.550668027401676 -0.5716851831774151 -0.4052022788747563 -0.45359881848132755 4.624244631939666 8.508461580273572 6.6354890467299015 1 img_0113.jpg

114 0.5989908744553398 -0.470840925081358 -0.5188625493558999 -0.38768596887642814 1.4291716423602299 9.53255172283545 7.0748886488767795 1 img_0114.jpg

115 0.5017378338960828 -0.5195915995856217 -0.47171613078627034 -0.5057347206128447 4.883023368272774 8.587650767149578 7.658137596811018 1 img_0115.jpg

116 0.501975286358178 -0.5395148479081777 -0.4484144972284908 -0.5058349330043951 6.701047519261087 8.229292198525163 7.546888916784059 1 img_0116.jpg

117 0.522814901418244 -0.43840831899369703 -0.5535629979309886 -0.47752563492843897 4.120422417804754 9.742266587769917 8.387912725312896 1 img_0117.jpg

118 -0.43660858441691425 0.5023459842222404 0.4867107911475116 0.5658039076657305 8.169601141945073 7.679264619549022 8.983756544725921 1 img_0118.jpg

119 0.5331272337672709 -0.3784688198448595 -0.5846935040915074 -0.48028138761989464 4.981596083744 10.386239437354996 9.483072282375604 1 img_0119.jpg

120 -0.42205616095593634 0.421691290636331 0.5611634633244041 0.5737077826126838 7.57823226912215 8.74411747156103 10.435085484539043 1 img_0120.jpg

121 -0.3830959516799338 0.46568704117593906 0.5229688067390588 0.6023924789248037 10.124847340489383 7.232573092181697 10.45533232663124 1 img_0121.jpg

122 -0.4350837817444419 0.3383355134308408 0.6162692730437869 0.5625329913138669 7.0072779252349795 10.07806467195931 11.621464350765937 1 img_0122.jpg

123 -0.3341077075337137 0.4067316892116611 0.5699247745426936 0.6309731564179694 10.549413941360429 7.4157075783939845 12.290352564260976 1 img_0123.jpg

124 -0.44647744866278616 0.27558989960136493 0.6398790216696241 0.5614827982230652 7.389702265426813 10.980592151922622 12.71671497646698 1 img_0124.jpg

125 -0.32312243406449476 0.31232666906600476 0.6317779569849029 0.6315857483052897 9.245160189352777 9.02586930054657 14.010865419236158 1 img_0125.jpg

126 -0.27484377165781043 0.36717532188227536 0.5973572094929356 0.6578811051005874 12.105460654482755 6.968854619966475 14.071082329235379 1 img_0126.jpg

127 -0.35598235711406595 0.21529112658951538 0.6690774148977647 0.615842272914953 8.100422756399592 10.79676562364493 15.26248059488308 1 img_0127.jpg

128 -0.22579188087285096 0.2918554072496533 0.6374841930223718 0.6763522391754572 11.337427843955746 7.5566909783967535 16.285391032808587 1 img_0128.jpg

129 -0.32668702909830627 0.19793656289793765 0.667754292125508 0.638906023946429 9.84678407263734 10.520016554447876 16.382574939432523 1 img_0129.jpg

130 -0.21487680721536073 0.19773476083463387 0.6765268527890687 0.676047586737739 9.90498888455066 9.121876045509968 18.082365415447963 1 img_0130.jpg

131 -0.1546579426459878 0.25764582941142067 0.6514292844715479 0.6966630711443649 12.750562295604677 6.729085348725919 18.290758584946893 1 img_0131.jpg

132 -0.226696489649338 0.10502588704489055 0.6950562983255545 0.6741476149843441 8.640465612825276 10.458511191927496 19.632666874466917 1 img_0132.jpg

133 -0.09698465579522171 0.18843870211828193 0.673255568774548 0.7083867384404651 11.78458264477723 6.988840335896644 20.549074722740436 1 img_0133.jpg

134 -0.2125990491430199 0.03792011897943521 0.698168767460154 0.6825863176355342 8.250063267365812 10.915039335730642 21.179861794257178 1 img_0134.jpg

135 -0.05731376368892674 0.10459523585910566 0.6955933901021797 0.7084665163390184 10.114408665692324 8.086788444335374 22.43968480981809 1 img_0135.jpg

136 -0.13539996412416289 0.03547188727874509 0.6949405164020493 0.7053128905605741 9.727284303567295 9.742525751489865 22.650511467546394 1 img_0136.jpg

137 -0.037922601671818594 0.01214228803927447 0.7033360815175987 0.7097413596227019 8.053948981220017 9.056730894545026 24.197502355366623 1 img_0137.jpg

138 0.031724916262391496 0.08223644510466918 0.6949744584712882 0.7136113780323508 11.133009826683772 6.7871476616695485 24.403500612301098 1 img_0138.jpg

139 -0.045808773483100876 -0.08048471033660656 0.6975642166308288 0.7105124427835341 6.198035862891627 9.930402494643914 25.526590837981335 1 img_0139.jpg

140 0.08806929389371952 0.007529925209744269 0.6993769582881341 0.7092665013343258 9.018871314387502 7.295579171093361 26.213634363888836 1 img_0140.jpg

141 -0.03410475326505421 -0.1347890525185735 0.6823169593362909 0.7177132743149967 5.799092365275027 9.84874778797011 26.665703326068765 1 img_0141.jpg

142 0.12109416090210348 -0.08568403059233641 0.697666302923343 0.7008966977109689 6.056796804130748 8.3915050895831 27.543356954695025 1 img_0142.jpg

143 0.0965737583384646 -0.09559675718704161 0.6940506084443829 0.7069855176265547 7.385405214084486 8.514313102626623 27.552674922368613 1 img_0143.jpg

144 0.12534633565129127 -0.18149154098446846 0.681062841039031 0.6982138091199003 3.2640784670295657 9.13351661539874 28.460421765319797 1 img_0144.jpg

145 0.2157983501607028 -0.10074916185673208 0.6929841191926369 0.6804804839228602 6.597852359049626 7.481086993143377 28.780873279939517 1 img_0145.jpg

146 0.139836153438402 -0.25789857799207083 0.6538068683842052 0.6974745533099096 1.2637052700326443 9.036252248220517 29.29881818976284 1 img_0146.jpg

147 0.270723975979905 -0.17443822967360606 0.6775015865905295 0.6612650248011649 3.6974639935415756 7.936399909324289 29.688575393663715 1 img_0147.jpg

148 0.16704829005059546 -0.3189309349975383 0.6225654347659715 0.6948310635884273 -0.33779822885567096 8.54279735887072 29.93333420111188 1 img_0148.jpg

149 0.32005922171040274 -0.2444836762106419 0.6566181132679193 0.6376852515098175 0.9475259496245819 8.387476909401062 30.103933175394197 1 img_0149.jpg

150 0.24839684078237959 -0.3003933482566361 0.629290150906164 0.6723516578286975 0.9196257953271173 8.288772035982719 30.24510028730573 1 img_0150.jpg

151 0.26404446820125965 -0.3662772923404361 0.6017455488150663 0.658804795375176 -2.817173902004831 8.430079177311436 30.11514495930569 1 img_0151.jpg

152 0.37709699874107866 -0.2996864483920494 0.633562021405237 0.6054626753347728 -1.0931082325312564 8.637539301578272 30.197337004316978 1 img_0152.jpg

153 0.31189322347128634 -0.3487723370327097 0.603775260008884 0.6453959323350565 -1.0749912906333365 8.112380209762591 30.412293694219123 1 img_0153.jpg

154 0.34863792969100194 -0.4093461072143336 0.57056657695258 0.6207585196788353 -5.111570587187271 8.096505035501192 30.005519128835175 1 img_0154.jpg

155 0.4373407324876399 -0.3399476523373705 0.6096654153321942 0.5669892051223797 -2.4290143256454932 8.68579370134862 30.11423118176257 1 img_0155.jpg

156 0.3475933332622867 -0.4370104626610481 0.5361906948201516 0.6330089011891323 -4.472518166613591 7.032657192917189 30.282458106506837 1 img_0156.jpg

157 0.45538385891092154 -0.4167685603754585 0.5581127765267477 0.554472394987857 -5.575295291555705 8.390821026721863 29.62776182832005 1 img_0157.jpg

158 0.4383123411054485 -0.4407718019834215 0.5283982409020987 0.578271397548345 -5.371229528044489 7.188177634647538 29.89707854088623 1 img_0158.jpg

159 0.4996692923681643 -0.45975625018349786 0.5157855608046151 0.5224174996561424 -7.412018186125117 7.950390698010003 29.03909077933575 1 img_0159.jpg

160 0.5018276940795989 -0.4676613638220373 0.5054138313684137 0.5234679295853425 -6.713575201748653 7.6286609003652615 29.067751504916835 1 img_0160.jpg

161 0.5153910261945195 -0.5217696639259023 0.4562097793174388 0.5039852628598825 -9.861375286530405 7.380849527629491 27.930065607197022 1 img_0161.jpg

162 0.5767977667775288 -0.47856672213283374 0.49977968608471923 0.4341641326555545 -7.794929692450745 9.200140635545868 27.671413037801994 1 img_0162.jpg

163 -0.49645296977834147 0.5743380645823981 -0.3867962732425925 -0.523506331743611 -11.01796365420014 5.646570604163386 27.244401391483123 1 img_0163.jpg

164 0.5872262132981173 -0.5515247614286964 0.4291033364023641 0.40848027937090525 -11.223092052267154 9.008307157674999 25.68561931786995 1 img_0164.jpg

165 0.6008939225230482 -0.519849439587891 0.4696342102612951 0.3848723977986346 -8.174229492079808 9.988783271618567 26.05270904341039 1 img_0165.jpg

166 0.5286744532636497 -0.6222328608971983 0.32400066133413924 0.47786311925185143 -13.134722601839778 5.506112046065286 25.054005862426855 1 img_0166.jpg

167 0.612986599950558 -0.5987642898961745 0.37202786695383805 0.3568249145392761 -13.015950363635493 9.237526769138668 23.389372599836022 1 img_0167.jpg

168 0.6277088544052548 -0.5643433160162435 0.4203450538426089 0.3328787338943223 -9.698587046314511 10.35793044344325 24.02664919928473 1 img_0168.jpg

169 0.566773961194457 -0.6491005780369847 0.2703466288640594 0.4293581451024716 -14.232921469258203 5.377742305512004 23.05171812494307 1 img_0169.jpg

170 0.6462132740908992 -0.6240611709855204 0.3257386689654765 0.29470388324129926 -13.471402535120335 9.535701628300647 21.36378917296917 1 img_0170.jpg

171 0.6523252300907914 -0.5974153220026454 0.37055199638107855 0.2832983325073921 -10.386264354145817 10.345238421597273 22.201996581484675 1 img_0171.jpg

172 0.6058511079819296 -0.6730858906289827 0.21061868206278667 0.3681570175338132 -15.23810837439384 5.417748215336928 20.701226740952883 1 img_0172.jpg

173 0.6724671134844061 -0.6469674994948259 0.2769540167527879 0.22916698820698364 -13.5899800148279 9.863921214579467 19.243179543272145 1 img_0173.jpg

174 0.6637028149369905 -0.6384022536473689 0.29494259353127145 0.254852903659587 -11.365869676890206 9.537917009723905 20.21651591017401 1 img_0174.jpg

175 0.6504562338710849 -0.6909642349579893 0.16333819589758578 0.2698068709060002 -15.622733905696192 6.744549105699958 17.78090363813885 1 img_0175.jpg

176 0.694775113268768 -0.65903631841352 0.24033988133812326 0.158730634827374 -12.477495140070166 10.349386000455224 17.46246514356124 1 img_0176.jpg

177 0.655806923216683 -0.6855708001550966 0.1112454249776111 0.29586215178241165 -14.362117290597343 4.84270249297906 17.876787821115823 1 img_0177.jpg

178 0.6964167501084672 -0.6911777425751322 0.13474558888161825 0.13827749135000564 -14.445460731521223 8.830149833088267 15.086099135510878 1 img_0178.jpg

179 0.7046764564986923 -0.6727978059921752 0.20279035902695883 0.09823580912416342 -10.97515974043549 10.610161963235877 15.823695974558897 1 img_0179.jpg

180 0.6829846005362311 -0.7041739847225789 0.03523461346229853 0.1908652841258788 -14.86918920515205 5.801774644094608 14.41200095825727 1 img_0180.jpg

181 0.7117701386264289 -0.692319373520808 0.11236139498384838 0.038106058898209325 -12.057107778036558 10.119948733097946 13.22486606265194 1 img_0181.jpg

182 0.7033756287162093 -0.6948955939334149 0.0421173747691612 0.14355822930977483 -12.616918527805097 6.8750569941682125 14.044982888842608 1 img_0182.jpg

183 0.7052584176370115 -0.7040127699678955 -0.016282241400437113 0.08192357834743096 -13.863328658872366 7.05492450606746 11.853669394751241 1 img_0183.jpg

184 0.713974144393397 -0.6974779890173546 0.05474618278517152 -0.027716988373126694 -10.917588661796925 10.078815641450715 11.444160539820333 1 img_0184.jpg

185 0.7120511047823905 -0.6960738152568084 -0.02887342881915306 0.08735441030785472 -11.976348453005919 6.795411779368927 12.051325953779525 1 img_0185.jpg

186 0.7088242578290183 -0.7026502876296572 -0.06084611365904145 -0.012185863108232291 -12.094564396294754 8.143635721244339 9.838188127730294 1 img_0186.jpg

187 0.7078561783189052 -0.7000676207540969 0.012500510098413749 -0.09321316663825718 -8.780490387136577 10.214475540075005 10.002400700325829 1 img_0187.jpg

188 0.7168261957708455 -0.6824417141596989 -0.1374788460291342 0.03915454923718511 -11.567389894714033 6.034930298839053 9.861425277823225 1 img_0188.jpg

189 0.7006078715205862 -0.696893668184656 -0.10126741377915538 -0.11503363209952853 -9.596836620962726 9.115723738200817 8.144046094704839 1 img_0189.jpg

190 0.6963116252725183 -0.700032307443343 -0.03982037668630367 -0.15335979475225578 -6.823551658722853 10.065290478708622 8.646247095904956 1 img_0190.jpg

191 0.7123501450801235 -0.6710382255409435 -0.19994007246819337 -0.047842847831230446 -9.931328767127464 6.855739318980195 8.041821374329277 1 img_0191.jpg

192 0.6850394901841231 -0.6863808107830894 -0.1410237373349047 -0.19928518506181325 -6.884773570238304 9.448459700449774 7.1264183517780735 1 img_0192.jpg

193 0.7070330110233936 -0.6710048181893961 -0.18656658033506962 -0.12267748934457134 -7.131305447836723 8.116495697352601 7.630541511869905 1 img_0193.jpg

194 0.6843281011834356 -0.6617954822479988 -0.24093932806422377 -0.18886511006210915 -6.977366992688284 8.418325900766762 6.387772510026362 1 img_0194.jpg

195 0.658481753609239 -0.6803228035770907 -0.16873093374743872 -0.2740301718669426 -3.5492209710072764 9.501031180960174 6.486109650712775 1 img_0195.jpg

196 0.6999469504305529 -0.6238022093568976 -0.3127915908747118 -0.15200819340578084 -6.3855227508497086 7.513759841653493 6.442340504488596 1 img_0196.jpg

197 0.6435934555101026 -0.6491108807725345 -0.271393149115789 -0.30131094752810667 -3.4229955380877106 9.085202989927945 5.7463072640218344 1 img_0197.jpg

198 0.6443837893623199 -0.6604069237038217 -0.23642681560282874 -0.3045235425956717 -1.4573172572936843 9.090601436052124 6.074898734140161 1 img_0198.jpg

199 0.661854011453462 -0.5992281386463086 -0.36705221111830083 -0.2610509139815587 -3.751871337306581 8.44244912994638 5.787232465231634 1 img_0199.jpg

200 0.605578349593428 -0.632648446948481 -0.2991644184224679 -0.37885545505815493 -0.08124358394067435 8.957000560736855 5.866508471633818 1 img_0200.jpg

201 0.6765888411161067 -0.5737892791807097 -0.24383523608019564 -0.39183897307460436 1.1031970634553712 7.662862837364073 7.638508797558423 1 img_0201.jpg

202 0.6170338099501005 -0.6359195467021006 -0.32412263395935875 -0.33139119731203737 0.2198326732772888 11.08074908558495 4.583272533877794 1 img_0202.jpg

203 0.5854852540558382 -0.6636015018212394 -0.3483288189873412 -0.30904222676949883 -0.03743802641493732 12.995708527834124 2.366292431885007 1 img_0203.jpg

204 0.5951341925558132 -0.6560318935547783 -0.3428998136070133 -0.31282129933581526 -0.013297143419472074 13.440983285704041 2.39441885770155 1 img_0204.jpg

205 0.6122430575104457 -0.641051582552081 -0.3320573916555818 -0.32241153156272995 0.08355727439663979 13.589692912475183 3.067769889700061 1 img_0205.jpg

206 0.6696958145132559 -0.5532508799128893 -0.4354823384885976 -0.23616966944030485 -4.511985909020338 12.912545563115792 3.811913092437043 1 img_0206.jpg

207 0.5910998208810833 -0.5815134837336708 -0.4102115950619445 -0.37969661213528927 -0.245087516042945 13.86483498096858 3.6098111537375424 1 img_0207.jpg

208 0.5726637947779551 -0.6187804603369644 -0.33725681595508855 -0.4188373910571047 3.5824047478569567 13.505673528584852 3.9664244085777587 1 img_0208.jpg

209 0.6171869146377522 -0.5230609429734058 -0.4693296794917328 -0.3538604446443412 -0.9242433396130932 14.03267394041239 4.365332140578586 1 img_0209.jpg

210 0.5368327444275001 -0.5627810854457133 -0.41774804249143643 -0.4696537313484864 4.04812554041256 13.581458232601301 4.839007843071473 1 img_0210.jpg

211 0.5900592424004298 -0.5281028557674615 -0.45466728034428794 -0.4076948961814601 2.516403911193148 14.174172793234202 4.947880815674255 1 img_0211.jpg

212 0.5352192659930545 -0.5020759473794559 -0.49497853532780806 -0.46524867537438064 3.353571053244593 14.174634269315193 5.414653476697904 1 img_0212.jpg

213 -0.4850787763104477 0.5422910646500432 0.4427594863636554 0.5240066976755865 7.338476710174192 12.966064787378771 5.818277363922183 1 img_0213.jpg

214 0.5559406157078081 -0.43864598422424406 -0.542766028221 -0.4515803039765665 2.9229685831547636 14.7793776808515 6.35237605454468 1 img_0214.jpg

215 -0.44724231485303717 0.4855294611057638 0.5038025917220195 0.5571520463728187 7.837184088683744 13.183182676127915 7.1675982147452295 1 img_0215.jpg

216 -0.47409807987717234 0.47842737496481325 0.5101029134719679 0.5349142690267912 8.096654218673173 13.616244827787579 7.006314869382508 1 img_0216.jpg

217 -0.46688547449504836 0.40003204006885956 0.5813436005705701 0.5329464688873783 5.800805121393298 14.744679113007775 7.9688822152347925 1 img_0217.jpg

218 -0.3934549473419547 0.44650115928930134 0.5416677679402594 0.5936547383286574 9.675865006985957 12.919129112060379 8.585429223315199 1 img_0218.jpg

219 -0.4847530819997989 0.3519660287144971 0.5995821939831003 0.5306934678145699 5.990068982559257 15.3056751569767 8.961057992855471 1 img_0219.jpg

220 -0.37260094334697597 0.3718750658332916 0.5965301926095132 0.6058293503402471 8.912403407969055 13.821780269118296 10.178538304303054 1 img_0220.jpg

221 -0.33329109036692584 0.41373269077854113 0.5659970149892105 0.630388522013589 11.935506730396149 12.224090956994278 10.27012157636188 1 img_0221.jpg

222 -0.40304338253634947 0.2839525526214839 0.6428348259974868 0.5862511118438771 7.087055474097395 15.466857443496794 11.23388768111975 1 img_0222.jpg

223 -0.2827559445295664 0.345943677090766 0.6089833935111849 0.655371096815929 11.679933162647467 12.561632133175165 12.38862245792792 1 img_0223.jpg

224 -0.38022466561173646 0.23481460688631187 0.6558974764861424 0.6083500673069578 7.73859721024433 15.663246686415 12.847922699840304 1 img_0224.jpg

225 -0.24948611392518358 0.2714235001446837 0.6477522316664224 0.6667105885606501 10.849589542067786 13.401856782750716 14.28100146363861 1 img_0225.jpg

226 -0.22173770526288536 0.3116434757060609 0.6280403219935373 0.6776991132241871 13.600908758747131 11.928181433553467 14.191842530666818 1 img_0226.jpg

227 -0.2699019448066377 0.17295481882237476 0.6835394371589694 0.6557540763762841 8.50172908324901 15.282222974541412 15.620463001281998 1 img_0227.jpg

228 -0.16195444124489186 0.24249944967553316 0.6580335135628379 0.6942309924630741 12.720035228089822 12.231036061515246 16.477357939612734 1 img_0228.jpg

229 -0.27021313037293854 0.10582318774854804 0.6902768386946506 0.662800273891398 7.765281538628253 15.86025833088829 17.144690183932703 1 img_0229.jpg

230 -0.13281903476828907 0.150426624776641 0.6867502633003658 0.6986451248083007 10.47950534870885 13.4986814971444 18.499530980332924 1 img_0230.jpg

231 -0.1180827868339076 0.1804528519618573 0.6769809782310845 0.7036973630657244 12.842131376180358 12.504820141819044 18.45336003220388 1 img_0231.jpg

232 -0.14382015608050752 0.055251989354373233 0.7030159182193181 0.694284955265208 7.998747469816002 15.01756458653038 19.858197602564022 1 img_0232.jpg

233 -0.040225880191897136 0.12419879793875196 0.6899382499501084 0.7119984188248861 11.820005827285607 12.29605201551392 20.615505127478453 1 img_0233.jpg

234 -0.1542712302558373 -0.006621987008402472 0.698019454355627 0.6992319916483252 7.203337772714139 15.512826228489578 21.069985312979263 1 img_0234.jpg

235 -0.016297347060947796 0.024081116706435698 0.7053610488229264 0.708251570489164 8.697875016923405 13.836513417782534 22.25920952783926 1 img_0235.jpg

236 0.007177759139941228 0.061347098869112715 0.700877005325617 0.7106028684433152 11.39953711290316 12.72529376283351 22.246764637339805 1 img_0236.jpg

237 -0.01355089454952417 -0.06440351689984104 0.7023173064803214 0.7088151813315414 6.127189530062401 14.652559905815236 23.59292590729535 1 img_0237.jpg

238 0.0882930610614253 0.006867743590627686 0.6984451704118361 0.7101630188870428 9.86533537085547 12.195298742880047 24.348808928657338 1 img_0238.jpg

239 -0.017089817250179183 -0.128356686680647 0.6836772824900595 0.718204617457817 4.876083078580859 14.553296509876642 24.9278716183983 1 img_0239.jpg

240 0.1317780051642868 -0.07611794933552934 0.6956360474527321 0.7020905245253031 7.0205610911945 12.953506591637062 25.78868886018852 1 img_0240.jpg

241 0.04462134182421991 -0.16149652101910944 0.6759444843878372 0.7176537212181037 4.663101536818381 14.140044244153287 26.078235043343536 1 img_0241.jpg

242 0.17009809595444825 -0.15314262237996942 0.6849643749891803 0.6916919689854285 4.380592925205899 13.5155953472271 26.80215703658939 1 img_0242.jpg

243 0.15940856350133267 -0.15995851972888359 0.6800305244299617 0.6975390080075072 5.4040226794454025 13.402583860925466 26.99747433552772 1 img_0243.jpg

244 0.19147564025834013 -0.23125499751478884 0.6641463684417318 0.6846662008583112 1.654420497269646 13.84619167883657 27.482909370871376 1 img_0244.jpg

245 0.2698060329747319 -0.17218474444184967 0.6783540565658447 0.6613568569937078 4.840035857041896 12.885746777560849 27.803945167912225 1 img_0245.jpg

246 0.19195958242768604 -0.30423784552272315 0.6295853337225038 0.6886313670080701 -0.834291805260381 13.460599608481877 28.114389380351383 1 img_0246.jpg

247 0.3159656604574916 -0.24815191296371394 0.6531810580345285 0.6418261718946995 1.4581109412057067 13.245735670743386 28.332605184661826 1 img_0247.jpg

248 0.22453418659734212 -0.3344809260489464 0.6095480855490868 0.6827576733819637 -1.2203275395063353 13.067093342931749 28.532345389606814 1 img_0248.jpg

249 0.33383694647835477 -0.33368435253223 0.62051077694579 0.6262379912902813 -2.190258469698604 13.774426423181767 28.138433472461564 1 img_0249.jpg

250 0.3804961655827745 -0.28175407281656306 0.6433073758585627 0.6016584833558443 1.273223761456611 13.570403197302719 28.32118232097269 1 img_0250.jpg

251 0.2898873989663707 -0.41272462826850564 0.5651960989547092 0.6528223700728358 -4.950388801186519 12.692311581199666 28.354897343891952 1 img_0251.jpg

252 0.3979885826223237 -0.38068945182005554 0.5898102524514572 0.5905967282997491 -4.074253710167232 13.670390798443002 27.985704328313123 1 img_0252.jpg

253 0.4175320724047319 -0.3467435042966764 0.6079045845973263 0.5795583894371841 -1.0822623076833557 13.599054145898672 28.263137615666384 1 img_0253.jpg

254 0.3996569718468806 -0.4537197744044802 0.5384416766614114 0.5869354581234444 -7.174080457936428 13.110040079841765 27.502606434523873 1 img_0254.jpg

255 0.4772026901652973 -0.3991323405283113 0.5763295962568052 0.5299199597315271 -3.802650909515248 14.109983721877859 27.49103249138584 1 img_0255.jpg

256 0.3919947970986671 -0.5011541281624685 0.48590995317713404 0.5992296189914901 -8.650577444463133 11.725274455374835 27.443271850869053 1 img_0256.jpg

257 0.5055186838562813 -0.47091996701910704 0.5202725923729945 0.5019976838197764 -7.608338576389979 14.038872035711432 26.364452974091535 1 img_0257.jpg

258 0.47993928191358165 -0.4785281829508761 0.5100105189073368 0.5296775758911051 -6.654910015582146 13.317796799484809 26.795704247809457 1 img_0258.jpg

259 -0.4896976138407183 0.5427029438791242 -0.45016683799637897 -0.5128543454744052 -10.953444948826725 12.686395212740361 25.405304677771692 1 img_0259.jpg

260 0.5613667641315944 -0.49601703011295645 0.49537691100395437 0.43981379924977987 -7.691385101076816 14.588393980635479 25.196975451869445 1 img_0260.jpg

261 -0.49262374290562655 0.5545741509152532 -0.41865838796515376 -0.5239222396965947 -10.438757920241944 11.54401496402877 25.61949576660851 1 img_0261.jpg

262 0.5494888507690149 -0.5723851890585833 0.40874765505676 0.4509573734983354 -12.07559153409245 12.977046721020592 23.82756804555608 1 img_0262.jpg

263 0.6003333542986135 -0.5361388290160992 0.449639906173361 0.3872711898840813 -9.127579730760575 14.760461480060194 23.67250220610668 1 img_0263.jpg

264 0.535800367178099 -0.5898260836849585 0.3694345635746675 0.4780598924539412 -11.927641811623225 11.441523953284179 24.036606981059204 1 img_0264.jpg

265 0.5874875893291474 -0.6086240305685089 0.35811718566457795 0.39520526708338777 -13.371557194952878 13.175982600902868 21.832392081628345 1 img_0265.jpg

266 0.6305774572815168 -0.5712144113672365 0.4063270258769923 0.33314338453091996 -9.878965106352874 15.013210458832624 21.915135784777547 1 img_0266.jpg

267 0.5756035030537149 -0.6314328403628505 0.2924539046542142 0.4294693109362983 -14.091812638180617 10.602244037202956 21.84517591642749 1 img_0267.jpg

268 0.6406571647761191 -0.6237248871176058 0.3190474859720355 0.3142202477659237 -13.22849515201364 13.789707962149112 19.928313811822953 1 img_0268.jpg

269 0.661538085562693 -0.5970474181654583 0.3627715699421747 0.2725775666735934 -10.005264577457028 15.180200831594654 20.219204858150587 1 img_0269.jpg

270 0.6255873789034241 -0.6557577157948155 0.2376278963449999 0.3495071278399909 -14.928901444822653 11.184590828694507 19.33379114132889 1 img_0270.jpg

271 0.6768734059872905 -0.6402735481975089 0.27612981229029365 0.2358908699171381 -12.794911315277764 14.391943623728586 17.928106635858384 1 img_0271.jpg

272 0.6631691025094194 -0.646640410699348 0.2577056195480782 0.27504678580338043 -12.540296336386971 13.198860124010647 18.43738755208602 1 img_0272.jpg

273 0.6643034844565762 -0.678965325403112 0.18182423314246876 0.254257577431334 -15.229220434443127 12.2393009361547 16.297625513015518 1 img_0273.jpg

274 0.697781972044556 -0.6556987268872246 0.24088325838633237 0.1585394426547126 -11.536729702574211 15.16289484809068 15.871261004746545 1 img_0274.jpg

275 0.668057152592191 -0.6869149411297472 0.12046583122540369 0.25949082455898653 -15.322618931573713 10.764353539151758 15.555028869194636 1 img_0275.jpg

276 0.6990086084342129 -0.6868976120452505 0.14665991617220675 0.13434844580328956 -13.58408157606391 14.0576037223776 13.495116516897168 1 img_0276.jpg

277 0.7073422050557706 -0.6718412169263018 0.19710734126113028 0.0971858024960136 -10.357339184128417 15.392909353812234 13.96671505821868 1 img_0277.jpg

278 0.6918920534736115 -0.7000908249828998 0.05134528237897746 0.1688842357718891 -15.16820658532852 11.447758482050638 12.540360486255857 1 img_0278.jpg

279 0.7140584560623511 -0.6886100071326802 0.1217085328102958 0.03352331194477391 -10.726675324220277 15.21173684335344 11.593504549384356 1 img_0279.jpg

280 0.7022182987998506 -0.6986525179646019 -0.005500161533970299 0.13690824736101703 -14.512015328725612 11.063890186746145 11.234012901979316 1 img_0280.jpg

281 0.7124774662086669 -0.7005798054293825 0.038030873072799815 -0.010837391878456476 -11.124819753527483 14.627442684794849 9.4314161041181 1 img_0281.jpg

282 0.7115707788277885 -0.6998784355639796 -0.0005677910544872177 0.06194255212896523 -11.847918334705545 12.788589571796603 10.087305593680188 1 img_0282.jpg

283 0.7069701458411709 -0.7044619991526364 -0.06131882393344594 -0.012903738628926607 -12.214343343643405 13.172625608800077 7.741944519889848 1 img_0283.jpg

284 0.7065191770908242 -0.7023578341208765 0.011804134136577141 -0.08593478730538458 -7.920383756649072 15.094597384378574 8.06025881728202 1 img_0284.jpg

285 0.7122428616273346 -0.6877308983671045 -0.13866764500607298 0.022530018210162955 -12.564711356026002 11.33162357736239 7.532031008258402 1 img_0285.jpg

286 0.6981461299454249 -0.6980294333632646 -0.09396604997535511 -0.12851954268831864 -8.628552855394705 14.373011190768889 6.09886233443682 1 img_0286.jpg

287 0.7061591367464577 -0.6960989195324917 -0.08451088861430604 -0.09820120936534138 -7.76184015400947 14.018174397794906 6.8172235353477655 1 img_0287.jpg

288 0.6995754354120933 -0.6805205979373691 -0.1833662404718266 -0.11774017074122964 -9.309849637385618 13.133133158929354 5.370813751444519 1 img_0288.jpg

289 0.6819059532334574 -0.6907542590393153 -0.11496821515407979 -0.21129395180198995 -4.832789896030099 14.670738118831691 5.42718132271124 1 img_0289.jpg

290 0.7030681451216856 -0.6546315212013268 -0.25053644550520393 -0.11993433302606461 -8.78971972937729 12.456701943211218 5.032910207455557 1 img_0290.jpg

291 0.6630690236455109 -0.6729964736082775 -0.19860669047949744 -0.26071171605701393 -4.115952019117345 14.331167955254054 4.367495278162947 1 img_0291.jpg

292 0.6983600711894996 -0.6443657950634764 -0.26285685258713976 -0.16730872113668732 -6.309310677319223 13.05218183498608 4.888353073488158 1 img_0292.jpg

293 0.658756001264906 -0.6417910569640751 -0.2881605662097274 -0.26666131717985603 -4.385234204881499 13.818151989474321 3.911443984830397 1 img_0293.jpg

294 0.6348624172791152 -0.6604525619549662 -0.2324735859023898 -0.3266621441050746 -0.7926867708502878 14.159083696017076 4.135889369367348 1 img_0294.jpg

295 0.6787285940214434 -0.5976626277117304 -0.3619966492763731 -0.22602058536129557 -5.14864710069068 13.116748491491752 4.1303004695410905 1 img_0295.jpg

296 0.6097696670895869 -0.627534646910172 -0.3136564039590649 -0.36878297178726693 -0.04854697440188081 13.986056583989535 3.872828738053923 1 img_0296.jpg

297 0.6058990242852303 -0.6476522620540053 -0.2763425372760397 -0.3702265818635619 2.003343256011043 13.82743508896318 3.8746186717627187 1 img_0297.jpg

298 0.6175484246959492 -0.6383032393247567 -0.3010264153757759 -0.34725497126619354 1.2043600359803748 13.934096616700677 3.8298274177510616 1 img_0298.jpg

299 0.6260830389144502 -0.6280233564643737 -0.3285893561630591 -0.32501650286595607 -0.0837735240738393 14.015307941878456 3.6719843150346967 1 img_0299.jpg

300 0.7131312177830819 -0.5896596949985964 -0.22641397855078524 -0.3041085671831454 1.0840782441423134 13.114169780756539 5.7441324322630996 1 img_0300.jpg

301 0.6526452514272185 -0.7393088041952796 -0.15720779633254253 -0.05255831619367705 -1.0018578285100312 14.01466164044341 -0.9555043175870792 1 img_0301.jpg

302 0.6945521229307525 -0.6940761202376425 0.12759576136100417 0.1399107198571726 0.5977626644571353 14.019362626294681 0.3128666363864102 1 img_0302.jpg

303 0.5761902049680752 -0.5724181703671755 0.4151602770749297 0.409858793087827 0.6470431853664267 14.006975703451266 -0.332091311698232 1 img_0303.jpg

304 0.43681308596075485 -0.4373693123017693 0.549108602053567 0.5624785824730545 -0.05818976271468373 14.000273217655357 -0.06565059548898058 1 img_0304.jpg

305 0.32127527116186766 -0.3194173189916812 0.6240178011138414 0.6366761817133426 -0.0769574687750346 12.916295099344163 0.21262886119000937 1 img_0305.jpg

306 0.33680657409307346 -0.33815972064416855 0.620644348808323 0.6221012194762501 -0.032263196868200235 11.80236727276488 0.009253045299267073 1 img_0306.jpg

307 0.3332812294716461 -0.3302046067196965 0.6248853893533501 0.6240246709511333 0.07031292586953429 10.691144183022153 0.019556170968134175 1 img_0307.jpg

308 0.33255159930110023 -0.33103249828375036 0.623443357608853 0.6254161004768738 0.026846761834440586 9.567054314997284 0.05743669340510134 1 img_0308.jpg

309 0.3323811552568445 -0.3316061784630091 0.6237753820992871 0.624871492966492 0.022673917979973757 8.466607651852947 0.04188476913034338 1 img_0309.jpg

310 0.33166929481100405 -0.3312782054626129 0.6258952808766262 0.6233019547870929 0.04521484221930226 7.4795653173916135 -0.023868111161306316 1 img_0310.jpg

311 0.33024572912242384 -0.3325285929567705 0.6244917012166749 0.624798054073548 -0.019156908070160312 6.62699738345533 -0.012310588548741208 1 img_0311.jpg

312 0.33121692848744816 -0.33135880075470026 0.6250356971683684 0.6243613286479226 0.008640485271275164 5.877632467759379 -0.013382271819402958 1 img_0312.jpg

313 0.3312919606061062 -0.3312148150270059 0.6255940280130529 0.6238385169727756 0.021953692970455956 5.228975078998788 -0.03056768364838613 1 img_0313.jpg

314 0.33124177586875553 -0.3311315133330046 0.6257805659185662 0.6237222860502472 0.028711612819451855 4.62651543060459 -0.03353747162026244 1 img_0314.jpg

315 0.33200975031587404 -0.3304101291297693 0.6253471981572423 0.6241310391420434 0.04339240166469698 4.062524673337696 -0.013959499100591933 1 img_0315.jpg

316 0.3319851281618869 -0.3304394133582067 0.624058313370819 0.6254173728731784 0.030035441394116784 3.492829150398225 0.02232578916036707 1 img_0316.jpg

317 0.3313161249840242 -0.3310501979000582 0.6244804625572937 0.6250276343331799 0.019028456468277347 2.9363404400104245 0.015392483538412547 1 img_0317.jpg

318 0.3310759988165569 -0.3311359900765009 0.6266801772149532 0.6229041616248117 0.03233574439195904 2.388869141171273 -0.028688140623272917 1 img_0318.jpg

319 0.33065984649044733 -0.33158557810203204 0.6237708642725789 0.6257994720342094 -0.003875897976702153 1.8312810660398204 0.012473566283834149 1 img_0319.jpg

320 0.33189005605896615 -0.33051967161662976 0.6235798390618306 0.6259024857589505 0.003220766441419769 1.2581334404986193 0.03181587858858587 1 img_0320.jpg

321 0.3306120153459801 -0.3317558041054627 0.6250258945150832 0.6244809147898978 -0.0072007750005093915 0.7094282633575619 0.005765551862365826 1 img_0321.jpg

322 0.3297956633519366 -0.3324146636905254 0.6249956517764471 0.6245924647786786 -0.016297890745635184 0.1513527659927096 -0.007967561585962776 1 img_0322.jpg

323 0.3305349046331659 -0.33160032097659414 0.6256513068410001 0.6239778411093715 -0.0016777041304111703 -0.05928542176678125 -0.012316157286114378 1 img_0323.jpg

